2911
2059
4818
3332
2699
3922
973
1426
3879
2633
721
3781
2593
1186
4250
516
2823
4594
2569
3736
2718
794
3657
1509
4528
2262
1289
306
2695
2467
1972
2391
3590
3677
2635
2734
2958
537
4660
440
2280
4707
4596
1889
1833
891
43
3311
4165
4356
4633
4151
3007
4017
2462
2356
149
3813
4437
4716
420
4908
1094
1992
3984
348
2908
2851
768
626
416
1153
218
3456
3478
667
1057
2426
2041
34
675
988
4909
2654
1688
226
4380
4733
1641
2470
1107
2073
797
4575
1394
293
4994
1253
3673
3199
3382
82
485
2337
2623
4396
1313
69
501
3924
4871
4979
1323
798
2800
4955
4322
447
224
3999
2297
4486
4435
1350
3980
946
2884
4873
3803
870
4243
3179
2681
1488
2586
2676
2364
2741
430
1304
1055
2160
4631
3940
4004
2400
2308
1267
1489
4613
3697
707
3403
4827
579
2779
1987
4149
2209
3966
1063
2867
2957
1281
856
384
3858
2981
210
4020
4399
1955
2989
2986
1101
3
4880
4958
954
3189
1803
3385
1012
1562
180
1966
2737
2322
4823
2423
311
4907
776
1959
4347
918
2946
2532
4432
1910
4452
3732
2762
4144
2042
3656
2869
2045
3985
3949
1332
4628
3770
3861
1207
991
2617
3857
135
2919
4429
4937
1211
1863
625
2119
179
699
1795
1684
4729
3328
4584
4934
4680
4732
221
711
3391
487
1340
2918
4785
3867
2928
1542
4877
1944
919
2588
578
2033
359
2106
2714
586
3628
1507
49
3604
3565
3236
3137
4064
4547
510
4854
1283
1779
3489
787
705
441
1183
4799
4317
4310
2670
1086
1599
2838
457
3479
2415
3877
3355
2831
2812
237
1136
1945
3638
1778
599
4284
735
1560
4524
4611
3426
4387
2334
3699
738
4160
4650
1938
2575
4867
2227
1232
302
4177
622
108
3294
2525
3688
473
3661
2922
4710
812
865
609
3903
499
4364
1665
1001
1731
3974
3518
2223
2269
4806
2551
1297
1208
2912
4520
1360
3351
1344
806
3213
3583
3978
4062
1843
172
1718
2135
1968
1425
3582
1756
2610
3500
1262
2120
4102
1487
472
2427
2606
658
2720
433
9
3707
367
4676
4359
269
277
3934
106
3410
4361
3801
582
248
729
1990
1993
4105
1695
2883
3023
2446
381
2441
4038
3892
2361
3891
3640
2881
4829
1059
4801
1730
4998
4808
511
3082
2242
3102
4403
3144
4615
2277
2020
2336
4264
4162
4083
4842
2667
1744
4074
1122
12
2495
4085
3301
3416
4082
568
4224
2715
1083
4010
2754
1182
2252
136
2054
3994
1680
4598
4408
2730
2301
4930
3744
3366
22
2166
2602
449
4094
3683
1855
2518
2519
4952
1438
2627
4357
657
4990
4872
4514
3551
4352
117
3639
1644
1019
1739
1172
4913
4721
1621
1895
2044
2402
1506
4912
3941
1802
247
4240
3876
1451
3399
4578
3953
3250
3912
3039
1867
1747
2787
4859
406
2022
3156
2189
4372
245
3197
2362
4604
3374
2142
2376
3049
3911
779
2987
4924
3923
2074
2516
3312
4793
4173
35
2757
2084
2951
4581
2268
3177
3394
4516
4975
3038
1217
4420
223
2387
1701
3497
1664
3991
2768
308
2798
3902
2857
3896
3026
1773
1576
2871
4495
4370
3392
4677
3703
141
2458
2158
3464
4313
4005
3625
119
4140
2333
65
715
2019
2830
3846
1480
819
3209
101
1770
2931
3603
4648
1454
1404
4602
1958
4549
214
2163
3043
4638
1492
517
1366
1002
2769
4736
4142
4541
3088
2723
1328
2704
800
2487
